.Random.seed <-
c(10403L, 10L, 649525840L, 1174546094L, 1547850329L, -369411477L, 
-1537822758L, 282349724L, -309607777L, -125013771L, -1607788148L, 
987010146L, -596257731L, -24111433L, -154012322L, 994614424L, 
-1669502981L, 1682115993L, -699658712L, -1130064170L, -1012161711L, 
-455465469L, 1166076306L, -1875224796L, -77211161L, -411142595L, 
-1867923276L, 842888986L, 2084715621L, -555993857L, -23685754L, 
-1432548592L, -1370533965L, 1729467473L, 241973248L, -677410594L, 
2138563369L, -1273757989L, -134328854L, -309791348L, -1625609521L, 
617707141L, -670509764L, -1189914606L, 1992988429L, -787491769L, 
870798894L, 799375240L, 1288223371L, -1458885527L, -623955912L, 
1815705830L, 58933377L, -2078009325L, -642895934L, -1556449164L, 
-1122029961L, -832475283L, 880734212L, -1914369238L, 445567125L, 
-1530630353L, -1115064778L, 921186912L, -1685065565L, 825918401L, 
-465645648L, 35953358L, 1030228025L, -3273141L, 1501926394L, 
1766579964L, 1106588479L, -562643947L, 1952708396L, -861037566L, 
756326109L, -547861033L, -206583618L, 655203064L, -2096070437L, 
1152738105L, 203409032L, -973860298L, -677623183L, -754773853L, 
2046392818L, -1564509884L, -1044123129L, -1011343395L, 1063471316L, 
-959580166L, 1523396421L, -635159649L, 957010214L, -6274640L, 
2111052371L, 552084849L, 584271008L, 1872430142L, 1285638985L, 
1966111227L, 2026118602L, 913511212L, 225598255L, 572072421L, 
285772956L, 385714418L, 82641261L, 432991911L, 1590821070L, -1504211416L, 
495818283L, -95110071L, -786997928L, -1593826298L, 442910177L, 
-411267213L, -1009251358L, -950115500L, 1701506647L, -1839434163L, 
1351354852L, 1655399370L, -1433713099L, 1001925775L, -1939847786L, 
-1225778880L, 2724867L, 1003922977L, -396578544L, -988168466L, 
-1484135783L, -1533666517L, 705390106L, 1749863644L, 637845727L, 
1499573941L, 81832012L, -96799582L, -1116003331L, -1479548681L, 
309929502L, -305915688L, 96308283L, 987108825L, 1834251112L, 
1462714006L, 1661319185L, 2056280515L, 966534610L, 2133560420L, 
-906536025L, -1632520963L, 1087115508L, 399017946L, 2122840869L, 
1872497215L, -294874682L, -1825225136L, 2023955059L, 967138961L, 
968509120L, 472789150L, -1900438423L, 560457883L, 175712682L, 
-837611060L, 1249262735L, 1448654021L, -892054404L, 887310546L, 
105523277L, -1566711545L, -1742424850L, 1407213000L, 1955128011L, 
-1893979351L, 910855032L, -161468250L, -818009407L, 53066579L, 
65046530L, 1435723060L, 1214049975L, -1043451219L, -919796796L, 
-166409238L, -37964715L, -115570193L, -939372042L, 961529632L, 
-1463658269L, -2102776447L, -983282704L, -1901940082L, -2117868039L, 
-696698997L, 2076623802L, 1865620156L, -1020595713L, 914972501L, 
2032040044L, -261878590L, 1297032989L, -286401129L, -715670274L, 
1773954744L, -1135134565L, 425539321L, 313727048L, 40176502L, 
1000050353L, 1771052771L, 1323421106L, 1628632580L, -1471738553L, 
-241547235L, -272118124L, 1080133178L, -1169930107L, 971750751L, 
-1494559258L, -22623120L, -1313435757L, -1852872655L, 1456924384L, 
509267838L, -1668626935L, -314145112L, 432200588L, -1295151940L, 
-1346533582L, 650263104L, 2145890484L, 999815752L, -554848838L, 
684298768L, 33814252L, 309609812L, -198388462L, 1566853536L, 
2087286476L, 471285344L, 655543234L, 1521339176L, -1603556436L, 
254705468L, -106054286L, -1684705488L, -1264790236L, 765293368L, 
-370594086L, 1044224912L, 513624828L, -1206471788L, -1348583358L, 
1635528960L, -118399940L, 1864168784L, 230510754L, -679639736L, 
-1329095924L, -400237860L, -1703050926L, 1686759552L, -1675826092L, 
349385704L, 1379093754L, 1805659984L, -1446430932L, -368239244L, 
-157466734L, -124105632L, 1137771916L, -390339744L, -649148958L, 
1571066792L, 1553496268L, -997018628L, -496438862L, 1035197936L, 
-1570742332L, 1962027352L, -463639174L, -850815056L, -1516339780L, 
-436210604L, -348403774L, 1354401824L, 330293436L, 294798928L, 
1852323810L, 1102411880L, 1634408524L, -156326660L, -581281806L, 
-744612608L, 1476261236L, -1151123448L, -2021092422L, -976464432L, 
-1753919508L, -682695276L, -1771937326L, 1769077088L, 526285644L, 
1699598624L, 837666690L, -2013061400L, -1097004820L, 183855164L, 
-1708826766L, -1250079120L, -914695132L, 1690308408L, -161850214L, 
-1064664368L, -697962308L, -436732268L, -1669869950L, -372727616L, 
-607754436L, -1735307120L, 447290914L, -1974907896L, 1908952332L, 
-1724719972L, 1433678354L, -71814272L, 208995860L, -1890566616L, 
1712889146L, -2133152304L, 386078828L, -886414028L, 2138073746L, 
-1331609760L, -436490420L, -1955989536L, -1576973406L, 440834984L, 
-1814845044L, -1135825732L, -2114764430L, 642758896L, -452290492L, 
-172063400L, -360027590L, -153522320L, 989498428L, 557929236L, 
905147842L, 172269280L, -1790751876L, -1658797360L, 261553314L, 
1206919208L, -1139353332L, 1610611644L, -1885582030L, -524492352L, 
1419975220L, -1343443000L, 374951098L, -1409363568L, -1152560660L, 
32622164L, -622586734L, -1485749472L, -257089076L, -2104916512L, 
1071642306L, -657262552L, 899901100L, -1726312260L, 528825842L, 
-1929630416L, 1717544100L, 1613335224L, -19777190L, -766228080L, 
527284092L, -404149996L, 1215160130L, 781741824L, -30534724L, 
-108567728L, 1438207778L, -1314802360L, 1979837964L, 42305628L, 
756388050L, -746676736L, -657694380L, -1992135192L, 766979066L, 
1525374160L, 1519606060L, -1377511692L, -317481582L, 791564384L, 
1503098124L, -1161704736L, -1034138270L, -414416216L, -631289268L, 
885773692L, 1919592754L, -135422864L, 1847348036L, -1272479272L, 
-1105681286L, 192087600L, -1227291972L, 99455828L, -531636158L, 
1021086112L, 969275068L, 352341456L, -1542828702L, 676390888L, 
-1329455156L, 1370637052L, -2106489358L, -867271552L, 1651767540L, 
278436488L, 116960058L, -1458596016L, -2089297300L, -349165420L, 
-937442990L, 1413678816L, 1820169932L, 1084815520L, 832092034L, 
-460503320L, 1174273772L, -316915652L, 1412744818L, -1015499664L, 
1208023588L, 729737272L, -1579061222L, 1514424016L, 1972780092L, 
1721023636L, 1469556866L, 599056320L, -313710276L, 2070496912L, 
-1625939934L, -1901791224L, 102177932L, 998929436L, -98598399L, 
-1125893370L, -1454528700L, 1164180085L, 1607064543L, -1938243784L, 
1947797782L, 752334115L, 2058045157L, -1981628670L, 306304368L, 
1585325337L, 671186187L, -16572932L, 508818986L, -1450156449L, 
1483439593L, 1045053182L, 927383276L, 523226685L, -368566777L, 
1184764400L, 1590849934L, 1828714427L, 122306973L, -225657014L, 
-1422212248L, 1004123473L, 1437529667L, 701700932L, 1606395890L, 
-2077719097L, -426579055L, 1039852310L, -617769100L, 645498373L, 
1820364367L, 362449480L, 1323195366L, -131533549L, 223119989L, 
633968722L, -1967973728L, 1240696713L, -1905183813L, -180931572L, 
-1756032614L, 1206857999L, 579878745L, -210275858L, -1318192004L, 
2023516397L, 356163479L, 198740064L, 1829603902L, 222157579L, 
-551870067L, 690801338L, -976740104L, 85819041L, 1084380755L, 
-1894798988L, 127889154L, -879376489L, 81955169L, -1747856986L, 
-1914248284L, 797605461L, -433545473L, -986717288L, -975670090L, 
1825882435L, -94906235L, 1836024098L, -754339312L, 729553337L, 
1045797483L, -2107435684L, 521053322L, -1571967873L, -1082546743L, 
1148993118L, 783605004L, 388786397L, -1778915865L, 1428913680L, 
99980078L, 1134819291L, -1752028995L, 1723351594L, -1223823672L, 
806403057L, -1795216029L, 664692068L, -1247410030L, -1620427417L, 
-212351183L, -50291594L, -929315436L, -1614089819L, -68744529L, 
-1909810328L, -258709690L, -584835341L, -39772075L, -1045513166L, 
-1231611392L, -384804119L, -1787109029L, 1701309356L, -880302150L, 
1380782447L, 1818393337L, 378639246L, -2015928740L, 1122839757L, 
1285690423L, 1659002560L, -475895394L, 1786212971L, -586360339L, 
-923531174L, 1478391576L, -2031371135L, 1958627891L, 204855380L, 
-1376969630L, -247328009L, 2101288257L, 2120608710L, 1449670916L, 
1891023029L, -1393334369L, -1504983048L, -1699186218L, -692256669L, 
-1402571739L, 1495139266L, 402503856L, 1253807321L, -5459381L, 
163729596L, -82704662L, -1393674465L, -747771991L, -1869803202L, 
-1285515220L, -130701699L, -234723129L, -1636465232L, 1002971086L, 
